-49.547916666540004 -29.43541666663 30.0
-49.54374999987 -29.43541666663 30.0
-49.54374999987 -29.43124999996 30.0
-49.5395833332 -29.43541666663 30.0
-49.5395833332 -29.43124999996 30.0
-49.53541666654 -29.43541666663 31.0
-49.53541666654 -29.43124999996 30.0
-49.53541666654 -29.427083333290003 30.0
-49.531249999870006 -29.43541666663 31.0
-49.531249999870006 -29.43124999996 30.0
-49.531249999870006 -29.427083333290003 30.0
-49.531249999870006 -29.42291666663 30.0
-49.5270833332 -29.43541666663 31.0
-49.5270833332 -29.43124999996 31.0
-49.5270833332 -29.427083333290003 30.0
-49.5270833332 -29.42291666663 30.0
-49.522916666540006 -29.43541666663 31.0
-49.522916666540006 -29.43124999996 31.0
-49.522916666540006 -29.427083333290003 31.0
-49.522916666540006 -29.42291666663 30.0
-49.522916666540006 -29.41874999996 30.0
-49.51874999987 -29.43541666663 32.0
-49.51874999987 -29.43124999996 31.0
-49.51874999987 -29.427083333290003 31.0
-49.51874999987 -29.42291666663 30.0
-49.51874999987 -29.41874999996 30.0
-49.51874999987 -29.414583333290004 30.0
-49.514583333199994 -29.43541666663 32.0
-49.514583333199994 -29.43124999996 32.0
-49.514583333199994 -29.427083333290003 31.0
-49.514583333199994 -29.42291666663 31.0
-49.514583333199994 -29.41874999996 30.0
-49.514583333199994 -29.414583333290004 30.0
-49.514583333199994 -29.410416666630002 30.0
-49.51041666653 -29.43541666663 32.0
-49.51041666653 -29.43124999996 32.0
-49.51041666653 -29.427083333290003 31.0
-49.51041666653 -29.42291666663 31.0
-49.51041666653 -29.41874999996 31.0
-49.51041666653 -29.414583333290004 30.0
-49.51041666653 -29.410416666630002 30.0
-49.50624999987001 -29.43541666663 33.0
-49.50624999987001 -29.43124999996 32.0
-49.50624999987001 -29.427083333290003 32.0
-49.50624999987001 -29.42291666663 31.0
-49.50624999987001 -29.41874999996 31.0
-49.50624999987001 -29.414583333290004 31.0
-49.50624999987001 -29.410416666630002 30.0
-49.50624999987001 -29.406249999959996 30.0
-49.5020833332 -29.43541666663 33.0
-49.5020833332 -29.43124999996 33.0
-49.5020833332 -29.427083333290003 32.0
-49.5020833332 -29.42291666663 32.0
-49.5020833332 -29.41874999996 31.0
-49.5020833332 -29.414583333290004 31.0
-49.5020833332 -29.410416666630002 30.0
-49.5020833332 -29.406249999959996 30.0
-49.5020833332 -29.402083333290005 30.0
-49.497916666529996 -29.43541666663 33.0
-49.497916666529996 -29.43124999996 33.0
-49.497916666529996 -29.427083333290003 32.0
-49.497916666529996 -29.42291666663 32.0
-49.497916666529996 -29.41874999996 32.0
-49.497916666529996 -29.414583333290004 31.0
-49.497916666529996 -29.410416666630002 31.0
-49.497916666529996 -29.406249999959996 30.0
-49.497916666529996 -29.402083333290005 30.0
-49.497916666529996 -29.397916666620002 30.0
-49.493749999870005 -29.43541666663 34.0
-49.493749999870005 -29.43124999996 33.0
-49.493749999870005 -29.427083333290003 33.0
-49.493749999870005 -29.42291666663 32.0
-49.493749999870005 -29.41874999996 32.0
-49.493749999870005 -29.414583333290004 31.0
-49.493749999870005 -29.410416666630002 31.0
-49.493749999870005 -29.406249999959996 31.0
-49.493749999870005 -29.402083333290005 30.0
-49.493749999870005 -29.397916666620002 30.0
-49.493749999870005 -29.393749999959997 30.0
-49.489583333199995 -29.43541666663 34.0
-49.489583333199995 -29.43124999996 33.0
-49.489583333199995 -29.427083333290003 33.0
-49.489583333199995 -29.42291666663 33.0
-49.489583333199995 -29.41874999996 32.0
-49.489583333199995 -29.414583333290004 32.0
-49.489583333199995 -29.410416666630002 31.0
-49.489583333199995 -29.406249999959996 31.0
-49.489583333199995 -29.402083333290005 31.0
-49.489583333199995 -29.397916666620002 30.0
-49.489583333199995 -29.393749999959997 30.0
-49.48541666653 -29.43541666663 34.0
-49.48541666653 -29.43124999996 34.0
-49.48541666653 -29.427083333290003 33.0
-49.48541666653 -29.42291666663 33.0
-49.48541666653 -29.41874999996 32.0
-49.48541666653 -29.414583333290004 32.0
-49.48541666653 -29.410416666630002 32.0
-49.48541666653 -29.406249999959996 31.0
-49.48541666653 -29.402083333290005 31.0
-49.48541666653 -29.397916666620002 31.0
-49.48541666653 -29.393749999959997 30.0
-49.48541666653 -29.389583333290005 30.0
-49.48124999987 -29.43541666663 34.0
-49.48124999987 -29.43124999996 34.0
-49.48124999987 -29.427083333290003 34.0
-49.48124999987 -29.42291666663 33.0
-49.48124999987 -29.41874999996 33.0
-49.48124999987 -29.414583333290004 32.0
-49.48124999987 -29.410416666630002 32.0
-49.48124999987 -29.406249999959996 32.0
-49.48124999987 -29.402083333290005 31.0
-49.48124999987 -29.397916666620002 31.0
-49.48124999987 -29.393749999959997 31.0
-49.48124999987 -29.389583333290005 30.0
-49.48124999987 -29.385416666620003 30.0
-49.4770833332 -29.43541666663 35.0
-49.4770833332 -29.43124999996 34.0
-49.4770833332 -29.427083333290003 34.0
-49.4770833332 -29.42291666663 33.0
-49.4770833332 -29.41874999996 33.0
-49.4770833332 -29.414583333290004 33.0
-49.4770833332 -29.410416666630002 32.0
-49.4770833332 -29.406249999959996 32.0
-49.4770833332 -29.402083333290005 32.0
-49.4770833332 -29.397916666620002 31.0
-49.4770833332 -29.393749999959997 31.0
-49.4770833332 -29.389583333290005 31.0
-49.4770833332 -29.385416666620003 30.0
-49.4770833332 -29.381249999959998 30.0
-49.47291666653 -29.43541666663 35.0
-49.47291666653 -29.43124999996 35.0
-49.47291666653 -29.427083333290003 34.0
-49.47291666653 -29.42291666663 34.0
-49.47291666653 -29.41874999996 33.0
-49.47291666653 -29.414583333290004 33.0
-49.47291666653 -29.410416666630002 33.0
-49.47291666653 -29.406249999959996 32.0
-49.47291666653 -29.402083333290005 32.0
-49.47291666653 -29.397916666620002 32.0
-49.47291666653 -29.393749999959997 31.0
-49.47291666653 -29.389583333290005 31.0
-49.47291666653 -29.385416666620003 31.0
-49.47291666653 -29.381249999959998 30.0
-49.47291666653 -29.377083333290006 30.0
-49.46874999986 -29.43541666663 35.0
-49.46874999986 -29.43124999996 35.0
-49.46874999986 -29.427083333290003 35.0
-49.46874999986 -29.42291666663 34.0
-49.46874999986 -29.41874999996 34.0
-49.46874999986 -29.414583333290004 33.0
-49.46874999986 -29.410416666630002 33.0
-49.46874999986 -29.406249999959996 33.0
-49.46874999986 -29.402083333290005 32.0
-49.46874999986 -29.397916666620002 32.0
-49.46874999986 -29.393749999959997 32.0
-49.46874999986 -29.389583333290005 31.0
-49.46874999986 -29.385416666620003 31.0
-49.46874999986 -29.381249999959998 31.0
-49.46874999986 -29.377083333290006 30.0
-49.46874999986 -29.37291666662 30.0
-49.4645833332 -29.43541666663 36.0
-49.4645833332 -29.43124999996 35.0
-49.4645833332 -29.427083333290003 35.0
-49.4645833332 -29.42291666663 34.0
-49.4645833332 -29.41874999996 34.0
-49.4645833332 -29.414583333290004 34.0
-49.4645833332 -29.410416666630002 33.0
-49.4645833332 -29.406249999959996 33.0
-49.4645833332 -29.402083333290005 33.0
-49.4645833332 -29.397916666620002 32.0
-49.4645833332 -29.393749999959997 32.0
-49.4645833332 -29.389583333290005 32.0
-49.4645833332 -29.385416666620003 31.0
-49.4645833332 -29.381249999959998 31.0
-49.4645833332 -29.377083333290006 31.0
-49.4645833332 -29.37291666662 30.0
-49.4645833332 -29.36874999996 30.0
-49.46041666653 -29.43541666663 36.0
-49.46041666653 -29.43124999996 36.0
-49.46041666653 -29.427083333290003 35.0
-49.46041666653 -29.42291666663 35.0
-49.46041666653 -29.41874999996 34.0
-49.46041666653 -29.414583333290004 34.0
-49.46041666653 -29.410416666630002 34.0
-49.46041666653 -29.406249999959996 33.0
-49.46041666653 -29.402083333290005 33.0
-49.46041666653 -29.397916666620002 33.0
-49.46041666653 -29.393749999959997 32.0
-49.46041666653 -29.389583333290005 32.0
-49.46041666653 -29.385416666620003 32.0
-49.46041666653 -29.381249999959998 31.0
-49.46041666653 -29.377083333290006 31.0
-49.46041666653 -29.37291666662 31.0
-49.46041666653 -29.36874999996 30.0
-49.46041666653 -29.364583333290003 30.0
-49.45624999986 -29.43541666663 36.0
-49.45624999986 -29.43124999996 36.0
-49.45624999986 -29.427083333290003 35.0
-49.45624999986 -29.42291666663 35.0
-49.45624999986 -29.41874999996 35.0
-49.45624999986 -29.414583333290004 34.0
-49.45624999986 -29.410416666630002 34.0
-49.45624999986 -29.406249999959996 34.0
-49.45624999986 -29.402083333290005 33.0
-49.45624999986 -29.397916666620002 33.0
-49.45624999986 -29.393749999959997 33.0
-49.45624999986 -29.389583333290005 32.0
-49.45624999986 -29.385416666620003 32.0
-49.45624999986 -29.381249999959998 32.0
-49.45624999986 -29.377083333290006 31.0
-49.45624999986 -29.37291666662 31.0
-49.45624999986 -29.36874999996 31.0
-49.45624999986 -29.364583333290003 30.0
-49.45624999986 -29.36041666662 30.0
-49.45624999986 -29.35624999995 30.0
-49.452083333199994 -29.43541666663 37.0
-49.452083333199994 -29.43124999996 36.0
-49.452083333199994 -29.427083333290003 36.0
-49.452083333199994 -29.42291666663 35.0
-49.452083333199994 -29.41874999996 35.0
-49.452083333199994 -29.414583333290004 35.0
-49.452083333199994 -29.410416666630002 34.0
-49.452083333199994 -29.406249999959996 34.0
-49.452083333199994 -29.402083333290005 34.0
-49.452083333199994 -29.397916666620002 33.0
-49.452083333199994 -29.393749999959997 33.0
-49.452083333199994 -29.389583333290005 33.0
-49.452083333199994 -29.385416666620003 32.0
-49.452083333199994 -29.381249999959998 32.0
-49.452083333199994 -29.377083333290006 32.0
-49.452083333199994 -29.37291666662 31.0
-49.452083333199994 -29.36874999996 31.0
-49.452083333199994 -29.364583333290003 31.0
-49.452083333199994 -29.36041666662 30.0
-49.452083333199994 -29.35624999995 30.0
-49.452083333199994 -29.352083333290004 30.0
-49.44791666653 -29.43541666663 37.0
-49.44791666653 -29.43124999996 36.0
-49.44791666653 -29.427083333290003 36.0
-49.44791666653 -29.42291666663 36.0
-49.44791666653 -29.41874999996 35.0
-49.44791666653 -29.414583333290004 35.0
-49.44791666653 -29.410416666630002 35.0
-49.44791666653 -29.406249999959996 34.0
-49.44791666653 -29.402083333290005 34.0
-49.44791666653 -29.397916666620002 34.0
-49.44791666653 -29.393749999959997 33.0
-49.44791666653 -29.389583333290005 33.0
-49.44791666653 -29.385416666620003 33.0
-49.44791666653 -29.381249999959998 32.0
-49.44791666653 -29.377083333290006 32.0
-49.44791666653 -29.37291666662 32.0
-49.44791666653 -29.36874999996 31.0
-49.44791666653 -29.364583333290003 31.0
-49.44791666653 -29.36041666662 31.0
-49.44791666653 -29.35624999995 30.0
-49.44791666653 -29.352083333290004 30.0
-49.44791666653 -29.34791666662 30.0
-49.44791666653 -29.34374999995 30.0
-49.44374999986 -29.43541666663 37.0
-49.44374999986 -29.43124999996 37.0
-49.44374999986 -29.427083333290003 36.0
-49.44374999986 -29.42291666663 36.0
-49.44374999986 -29.41874999996 36.0
-49.44374999986 -29.414583333290004 35.0
-49.44374999986 -29.410416666630002 35.0
-49.44374999986 -29.406249999959996 35.0
-49.44374999986 -29.402083333290005 34.0
-49.44374999986 -29.397916666620002 34.0
-49.44374999986 -29.393749999959997 34.0
-49.44374999986 -29.389583333290005 33.0
-49.44374999986 -29.385416666620003 33.0
-49.44374999986 -29.381249999959998 33.0
-49.44374999986 -29.377083333290006 32.0
-49.44374999986 -29.37291666662 32.0
-49.44374999986 -29.36874999996 32.0
-49.44374999986 -29.364583333290003 32.0
-49.44374999986 -29.36041666662 31.0
-49.44374999986 -29.35624999995 31.0
-49.44374999986 -29.352083333290004 31.0
-49.44374999986 -29.34791666662 30.0
-49.44374999986 -29.34374999995 30.0
-49.44374999986 -29.339583333290005 30.0
-49.44374999986 -29.335416666620002 30.0
-49.4395833332 -29.43541666663 38.0
-49.4395833332 -29.43124999996 37.0
-49.4395833332 -29.427083333290003 37.0
-49.4395833332 -29.42291666663 36.0
-49.4395833332 -29.41874999996 36.0
-49.4395833332 -29.414583333290004 36.0
-49.4395833332 -29.410416666630002 35.0
-49.4395833332 -29.406249999959996 35.0
-49.4395833332 -29.402083333290005 35.0
-49.4395833332 -29.397916666620002 34.0
-49.4395833332 -29.393749999959997 34.0
-49.4395833332 -29.389583333290005 34.0
-49.4395833332 -29.385416666620003 33.0
-49.4395833332 -29.381249999959998 33.0
-49.4395833332 -29.377083333290006 33.0
-49.4395833332 -29.37291666662 33.0
-49.4395833332 -29.36874999996 32.0
-49.4395833332 -29.364583333290003 32.0
-49.4395833332 -29.36041666662 32.0
-49.4395833332 -29.35624999995 31.0
-49.4395833332 -29.352083333290004 31.0
-49.4395833332 -29.34791666662 31.0
-49.4395833332 -29.34374999995 31.0
-49.4395833332 -29.339583333290005 31.0
-49.4395833332 -29.335416666620002 30.0
-49.4395833332 -29.33124999995 30.0
-49.4395833332 -29.327083333290005 30.0
-49.435416666529996 -29.43541666663 38.0
-49.435416666529996 -29.43124999996 37.0
-49.435416666529996 -29.427083333290003 37.0
-49.435416666529996 -29.42291666663 37.0
-49.435416666529996 -29.41874999996 36.0
-49.435416666529996 -29.414583333290004 36.0
-49.435416666529996 -29.410416666630002 36.0
-49.435416666529996 -29.406249999959996 35.0
-49.435416666529996 -29.402083333290005 35.0
-49.435416666529996 -29.397916666620002 35.0
-49.435416666529996 -29.393749999959997 34.0
-49.435416666529996 -29.389583333290005 34.0
-49.435416666529996 -29.385416666620003 34.0
-49.435416666529996 -29.381249999959998 34.0
-49.435416666529996 -29.377083333290006 33.0
-49.435416666529996 -29.37291666662 33.0
-49.435416666529996 -29.36874999996 33.0
-49.435416666529996 -29.364583333290003 32.0
-49.435416666529996 -29.36041666662 32.0
-49.435416666529996 -29.35624999995 32.0
-49.435416666529996 -29.352083333290004 32.0
-49.435416666529996 -29.34791666662 32.0
-49.435416666529996 -29.34374999995 31.0
-49.435416666529996 -29.339583333290005 31.0
-49.435416666529996 -29.335416666620002 31.0
-49.435416666529996 -29.33124999995 31.0
-49.435416666529996 -29.327083333290005 30.0
-49.435416666529996 -29.322916666620003 30.0
-49.435416666529996 -29.31874999995 30.0
-49.43124999986 -29.43541666663 38.0
-49.43124999986 -29.43124999996 38.0
-49.43124999986 -29.427083333290003 37.0
-49.43124999986 -29.42291666663 37.0
-49.43124999986 -29.41874999996 37.0
-49.43124999986 -29.414583333290004 36.0
-49.43124999986 -29.410416666630002 36.0
-49.43124999986 -29.406249999959996 36.0
-49.43124999986 -29.402083333290005 35.0
-49.43124999986 -29.397916666620002 35.0
-49.43124999986 -29.393749999959997 35.0
-49.43124999986 -29.389583333290005 34.0
-49.43124999986 -29.385416666620003 34.0
-49.43124999986 -29.381249999959998 34.0
-49.43124999986 -29.377083333290006 34.0
-49.43124999986 -29.37291666662 33.0
-49.43124999986 -29.36874999996 33.0
-49.43124999986 -29.364583333290003 33.0
-49.43124999986 -29.36041666662 33.0
-49.43124999986 -29.35624999995 32.0
-49.43124999986 -29.352083333290004 32.0
-49.43124999986 -29.34791666662 32.0
-49.43124999986 -29.34374999995 32.0
-49.43124999986 -29.339583333290005 32.0
-49.43124999986 -29.335416666620002 31.0
-49.43124999986 -29.33124999995 31.0
-49.43124999986 -29.327083333290005 31.0
-49.43124999986 -29.322916666620003 31.0
-49.43124999986 -29.31874999995 30.0
-49.43124999986 -29.31458333328 30.0
-49.43124999986 -29.31041666662 30.0
-49.427083333190005 -29.43541666663 39.0
-49.427083333190005 -29.43124999996 38.0
-49.427083333190005 -29.427083333290003 38.0
-49.427083333190005 -29.42291666663 37.0
-49.427083333190005 -29.41874999996 37.0
-49.427083333190005 -29.414583333290004 37.0
-49.427083333190005 -29.410416666630002 36.0
-49.427083333190005 -29.406249999959996 36.0
-49.427083333190005 -29.402083333290005 36.0
-49.427083333190005 -29.397916666620002 35.0
-49.427083333190005 -29.393749999959997 35.0
-49.427083333190005 -29.389583333290005 35.0
-49.427083333190005 -29.385416666620003 35.0
-49.427083333190005 -29.381249999959998 34.0
-49.427083333190005 -29.377083333290006 34.0
-49.427083333190005 -29.37291666662 34.0
-49.427083333190005 -29.36874999996 34.0
-49.427083333190005 -29.364583333290003 33.0
-49.427083333190005 -29.36041666662 33.0
-49.427083333190005 -29.35624999995 33.0
-49.427083333190005 -29.352083333290004 33.0
-49.427083333190005 -29.34791666662 33.0
-49.427083333190005 -29.34374999995 32.0
-49.427083333190005 -29.339583333290005 32.0
-49.427083333190005 -29.335416666620002 32.0
-49.427083333190005 -29.33124999995 32.0
-49.427083333190005 -29.327083333290005 31.0
-49.427083333190005 -29.322916666620003 31.0
-49.427083333190005 -29.31874999995 31.0
-49.427083333190005 -29.31458333328 31.0
-49.427083333190005 -29.31041666662 30.0
-49.427083333190005 -29.306249999949998 30.0
-49.42291666653 -29.43541666663 39.0
-49.42291666653 -29.43124999996 38.0
-49.42291666653 -29.427083333290003 38.0
-49.42291666653 -29.42291666663 38.0
-49.42291666653 -29.41874999996 37.0
-49.42291666653 -29.414583333290004 37.0
-49.42291666653 -29.410416666630002 37.0
-49.42291666653 -29.406249999959996 36.0
-49.42291666653 -29.402083333290005 36.0
-49.42291666653 -29.397916666620002 36.0
-49.42291666653 -29.393749999959997 35.0
-49.42291666653 -29.389583333290005 35.0
-49.42291666653 -29.385416666620003 35.0
-49.42291666653 -29.381249999959998 35.0
-49.42291666653 -29.377083333290006 34.0
-49.42291666653 -29.37291666662 34.0
-49.42291666653 -29.36874999996 34.0
-49.42291666653 -29.364583333290003 34.0
-49.42291666653 -29.36041666662 34.0
-49.42291666653 -29.35624999995 33.0
-49.42291666653 -29.352083333290004 33.0
-49.42291666653 -29.34791666662 33.0
-49.42291666653 -29.34374999995 33.0
-49.42291666653 -29.339583333290005 33.0
-49.42291666653 -29.335416666620002 33.0
-49.42291666653 -29.33124999995 32.0
-49.42291666653 -29.327083333290005 32.0
-49.42291666653 -29.322916666620003 32.0
-49.42291666653 -29.31874999995 31.0
-49.42291666653 -29.31458333328 31.0
-49.42291666653 -29.31041666662 31.0
-49.42291666653 -29.306249999949998 30.0
-49.42291666653 -29.302083333280002 30.0
-49.41874999986 -29.43541666663 39.0
-49.41874999986 -29.43124999996 39.0
-49.41874999986 -29.427083333290003 38.0
-49.41874999986 -29.42291666663 38.0
-49.41874999986 -29.41874999996 38.0
-49.41874999986 -29.414583333290004 37.0
-49.41874999986 -29.410416666630002 37.0
-49.41874999986 -29.406249999959996 37.0
-49.41874999986 -29.402083333290005 36.0
-49.41874999986 -29.397916666620002 36.0
-49.41874999986 -29.393749999959997 36.0
-49.41874999986 -29.389583333290005 36.0
-49.41874999986 -29.385416666620003 35.0
-49.41874999986 -29.381249999959998 35.0
-49.41874999986 -29.377083333290006 35.0
-49.41874999986 -29.37291666662 35.0
-49.41874999986 -29.36874999996 34.0
-49.41874999986 -29.364583333290003 34.0
-49.41874999986 -29.36041666662 34.0
-49.41874999986 -29.35624999995 34.0
-49.41874999986 -29.352083333290004 34.0
-49.41874999986 -29.34791666662 34.0
-49.41874999986 -29.34374999995 33.0
-49.41874999986 -29.339583333290005 33.0
-49.41874999986 -29.335416666620002 33.0
-49.41874999986 -29.33124999995 33.0
-49.41874999986 -29.327083333290005 33.0
-49.41874999986 -29.322916666620003 32.0
-49.41874999986 -29.31874999995 32.0
-49.41874999986 -29.31458333328 32.0
-49.41874999986 -29.31041666662 31.0
-49.41874999986 -29.306249999949998 31.0
-49.41874999986 -29.302083333280002 30.0
-49.41874999986 -29.29791666662 30.0
-49.41874999986 -29.29374999995 30.0
-49.41458333319 -29.43541666663 39.0
-49.41458333319 -29.43124999996 39.0
-49.41458333319 -29.427083333290003 39.0
-49.41458333319 -29.42291666663 38.0
-49.41458333319 -29.41874999996 38.0
-49.41458333319 -29.414583333290004 38.0
-49.41458333319 -29.410416666630002 37.0
-49.41458333319 -29.406249999959996 37.0
-49.41458333319 -29.402083333290005 37.0
-49.41458333319 -29.397916666620002 36.0
-49.41458333319 -29.393749999959997 36.0
-49.41458333319 -29.389583333290005 36.0
-49.41458333319 -29.385416666620003 36.0
-49.41458333319 -29.381249999959998 35.0
-49.41458333319 -29.377083333290006 35.0
-49.41458333319 -29.37291666662 35.0
-49.41458333319 -29.36874999996 35.0
-49.41458333319 -29.364583333290003 35.0
-49.41458333319 -29.36041666662 35.0
-49.41458333319 -29.35624999995 34.0
-49.41458333319 -29.352083333290004 34.0
-49.41458333319 -29.34791666662 34.0
-49.41458333319 -29.34374999995 34.0
-49.41458333319 -29.339583333290005 34.0
-49.41458333319 -29.335416666620002 34.0
-49.41458333319 -29.33124999995 33.0
-49.41458333319 -29.327083333290005 33.0
-49.41458333319 -29.322916666620003 33.0
-49.41458333319 -29.31874999995 32.0
-49.41458333319 -29.31458333328 32.0
-49.41458333319 -29.31041666662 32.0
-49.41458333319 -29.306249999949998 31.0
-49.41458333319 -29.302083333280002 31.0
-49.41458333319 -29.29791666662 31.0
-49.41458333319 -29.29374999995 30.0
-49.41458333319 -29.28958333328 30.0
-49.41458333319 -29.28541666662 30.0
-49.41458333319 -29.28124999995 30.0
-49.41041666653 -29.43541666663 40.0
-49.41041666653 -29.43124999996 39.0
-49.41041666653 -29.427083333290003 39.0
-49.41041666653 -29.42291666663 39.0
-49.41041666653 -29.41874999996 38.0
-49.41041666653 -29.414583333290004 38.0
-49.41041666653 -29.410416666630002 38.0
-49.41041666653 -29.406249999959996 37.0
-49.41041666653 -29.402083333290005 37.0
-49.41041666653 -29.397916666620002 37.0
-49.41041666653 -29.393749999959997 36.0
-49.41041666653 -29.389583333290005 36.0
-49.41041666653 -29.385416666620003 36.0
-49.41041666653 -29.381249999959998 36.0
-49.41041666653 -29.377083333290006 36.0
-49.41041666653 -29.37291666662 35.0
-49.41041666653 -29.36874999996 35.0
-49.41041666653 -29.364583333290003 35.0
-49.41041666653 -29.36041666662 35.0
-49.41041666653 -29.35624999995 35.0
-49.41041666653 -29.352083333290004 35.0
-49.41041666653 -29.34791666662 35.0
-49.41041666653 -29.34374999995 35.0
-49.41041666653 -29.339583333290005 34.0
-49.41041666653 -29.335416666620002 34.0
-49.41041666653 -29.33124999995 34.0
-49.41041666653 -29.327083333290005 34.0
-49.41041666653 -29.322916666620003 33.0
-49.41041666653 -29.31874999995 33.0
-49.41041666653 -29.31458333328 32.0
-49.41041666653 -29.31041666662 32.0
-49.41041666653 -29.306249999949998 32.0
-49.41041666653 -29.302083333280002 31.0
-49.41041666653 -29.29791666662 31.0
-49.41041666653 -29.29374999995 31.0
-49.41041666653 -29.28958333328 31.0
-49.41041666653 -29.28541666662 30.0
-49.41041666653 -29.28124999995 30.0
-49.41041666653 -29.27708333328 30.0
-49.41041666653 -29.272916666609998 30.0
-49.41041666653 -29.26874999995 30.0
-49.40624999986 -29.43541666663 40.0
-49.40624999986 -29.43124999996 40.0
-49.40624999986 -29.427083333290003 39.0
-49.40624999986 -29.42291666663 39.0
-49.40624999986 -29.41874999996 38.0
-49.40624999986 -29.414583333290004 38.0
-49.40624999986 -29.410416666630002 38.0
-49.40624999986 -29.406249999959996 38.0
-49.40624999986 -29.402083333290005 37.0
-49.40624999986 -29.397916666620002 37.0
-49.40624999986 -29.393749999959997 37.0
-49.40624999986 -29.389583333290005 37.0
-49.40624999986 -29.385416666620003 36.0
-49.40624999986 -29.381249999959998 36.0
-49.40624999986 -29.377083333290006 36.0
-49.40624999986 -29.37291666662 36.0
-49.40624999986 -29.36874999996 36.0
-49.40624999986 -29.364583333290003 36.0
-49.40624999986 -29.36041666662 35.0
-49.40624999986 -29.35624999995 35.0
-49.40624999986 -29.352083333290004 35.0
-49.40624999986 -29.34791666662 35.0
-49.40624999986 -29.34374999995 35.0
-49.40624999986 -29.339583333290005 35.0
-49.40624999986 -29.335416666620002 35.0
-49.40624999986 -29.33124999995 34.0
-49.40624999986 -29.327083333290005 34.0
-49.40624999986 -29.322916666620003 34.0
-49.40624999986 -29.31874999995 33.0
-49.40624999986 -29.31458333328 33.0
-49.40624999986 -29.31041666662 33.0
-49.40624999986 -29.306249999949998 32.0
-49.40624999986 -29.302083333280002 32.0
-49.40624999986 -29.29791666662 32.0
-49.40624999986 -29.29374999995 31.0
-49.40624999986 -29.28958333328 31.0
-49.40624999986 -29.28541666662 31.0
-49.40624999986 -29.28124999995 31.0
-49.40624999986 -29.27708333328 30.0
-49.40624999986 -29.272916666609998 30.0
-49.40624999986 -29.26874999995 30.0
-49.40624999986 -29.26458333328 30.0
-49.40624999986 -29.26041666661 30.0
-49.40624999986 -29.25624999995 30.0
-49.40208333319 -29.43541666663 40.0
-49.40208333319 -29.43124999996 40.0
-49.40208333319 -29.427083333290003 40.0
-49.40208333319 -29.42291666663 39.0
-49.40208333319 -29.41874999996 39.0
-49.40208333319 -29.414583333290004 38.0
-49.40208333319 -29.410416666630002 38.0
-49.40208333319 -29.406249999959996 38.0
-49.40208333319 -29.402083333290005 38.0
-49.40208333319 -29.397916666620002 37.0
-49.40208333319 -29.393749999959997 37.0
-49.40208333319 -29.389583333290005 37.0
-49.40208333319 -29.385416666620003 37.0
-49.40208333319 -29.381249999959998 37.0
-49.40208333319 -29.377083333290006 36.0
-49.40208333319 -29.37291666662 36.0
-49.40208333319 -29.36874999996 36.0
-49.40208333319 -29.364583333290003 36.0
-49.40208333319 -29.36041666662 36.0
-49.40208333319 -29.35624999995 36.0
-49.40208333319 -29.352083333290004 36.0
-49.40208333319 -29.34791666662 35.0
-49.40208333319 -29.34374999995 35.0
-49.40208333319 -29.339583333290005 35.0
-49.40208333319 -29.335416666620002 35.0
-49.40208333319 -29.33124999995 35.0
-49.40208333319 -29.327083333290005 34.0
-49.40208333319 -29.322916666620003 34.0
-49.40208333319 -29.31874999995 34.0
-49.40208333319 -29.31458333328 33.0
-49.40208333319 -29.31041666662 33.0
-49.40208333319 -29.306249999949998 33.0
-49.40208333319 -29.302083333280002 32.0
-49.40208333319 -29.29791666662 32.0
-49.40208333319 -29.29374999995 32.0
-49.40208333319 -29.28958333328 32.0
-49.40208333319 -29.28541666662 31.0
-49.40208333319 -29.28124999995 31.0
-49.40208333319 -29.27708333328 31.0
-49.40208333319 -29.272916666609998 31.0
-49.40208333319 -29.26874999995 31.0
-49.40208333319 -29.26458333328 30.0
-49.40208333319 -29.26041666661 30.0
-49.40208333319 -29.25624999995 30.0
-49.40208333319 -29.25208333328 30.0
-49.40208333319 -29.24791666661 30.0
-49.40208333319 -29.243749999949998 30.0
-49.39791666653 -29.43541666663 41.0
-49.39791666653 -29.43124999996 40.0
-49.39791666653 -29.427083333290003 40.0
-49.39791666653 -29.42291666663 39.0
-49.39791666653 -29.41874999996 39.0
-49.39791666653 -29.414583333290004 39.0
-49.39791666653 -29.410416666630002 38.0
-49.39791666653 -29.406249999959996 38.0
-49.39791666653 -29.402083333290005 38.0
-49.39791666653 -29.397916666620002 38.0
-49.39791666653 -29.393749999959997 37.0
-49.39791666653 -29.389583333290005 37.0
-49.39791666653 -29.385416666620003 37.0
-49.39791666653 -29.381249999959998 37.0
-49.39791666653 -29.377083333290006 37.0
-49.39791666653 -29.37291666662 37.0
-49.39791666653 -29.36874999996 36.0
-49.39791666653 -29.364583333290003 36.0
-49.39791666653 -29.36041666662 36.0
-49.39791666653 -29.35624999995 36.0
-49.39791666653 -29.352083333290004 36.0
-49.39791666653 -29.34791666662 36.0
-49.39791666653 -29.34374999995 36.0
-49.39791666653 -29.339583333290005 36.0
-49.39791666653 -29.335416666620002 35.0
-49.39791666653 -29.33124999995 35.0
-49.39791666653 -29.327083333290005 35.0
-49.39791666653 -29.322916666620003 35.0
-49.39791666653 -29.31874999995 34.0
-49.39791666653 -29.31458333328 34.0
-49.39791666653 -29.31041666662 34.0
-49.39791666653 -29.306249999949998 33.0
-49.39791666653 -29.302083333280002 33.0
-49.39791666653 -29.29791666662 33.0
-49.39791666653 -29.29374999995 32.0
-49.39791666653 -29.28958333328 32.0
-49.39791666653 -29.28541666662 32.0
-49.39791666653 -29.28124999995 32.0
-49.39791666653 -29.27708333328 31.0
-49.39791666653 -29.272916666609998 31.0
-49.39791666653 -29.26874999995 31.0
-49.39791666653 -29.26458333328 31.0
-49.39791666653 -29.26041666661 31.0
-49.39791666653 -29.25624999995 30.0
-49.39791666653 -29.25208333328 30.0
-49.39791666653 -29.24791666661 30.0
-49.39791666653 -29.243749999949998 30.0
-49.39791666653 -29.239583333280002 30.0
-49.39791666653 -29.235416666609996 30.0
-49.39374999986 -29.43541666663 41.0
-49.39374999986 -29.43124999996 40.0
-49.39374999986 -29.427083333290003 40.0
-49.39374999986 -29.42291666663 40.0
-49.39374999986 -29.41874999996 39.0
-49.39374999986 -29.414583333290004 39.0
-49.39374999986 -29.410416666630002 39.0
-49.39374999986 -29.406249999959996 38.0
-49.39374999986 -29.402083333290005 38.0
-49.39374999986 -29.397916666620002 38.0
-49.39374999986 -29.393749999959997 38.0
-49.39374999986 -29.389583333290005 38.0
-49.39374999986 -29.385416666620003 37.0
-49.39374999986 -29.381249999959998 37.0
-49.39374999986 -29.377083333290006 37.0
-49.39374999986 -29.37291666662 37.0
-49.39374999986 -29.36874999996 37.0
-49.39374999986 -29.364583333290003 37.0
-49.39374999986 -29.36041666662 37.0
-49.39374999986 -29.35624999995 36.0
-49.39374999986 -29.352083333290004 36.0
-49.39374999986 -29.34791666662 36.0
-49.39374999986 -29.34374999995 36.0
-49.39374999986 -29.339583333290005 36.0
-49.39374999986 -29.335416666620002 36.0
-49.39374999986 -29.33124999995 36.0
-49.39374999986 -29.327083333290005 35.0
-49.39374999986 -29.322916666620003 35.0
-49.39374999986 -29.31874999995 35.0
-49.39374999986 -29.31458333328 34.0
-49.39374999986 -29.31041666662 34.0
-49.39374999986 -29.306249999949998 34.0
-49.39374999986 -29.302083333280002 33.0
-49.39374999986 -29.29791666662 33.0
-49.39374999986 -29.29374999995 33.0
-49.39374999986 -29.28958333328 33.0
-49.39374999986 -29.28541666662 32.0
-49.39374999986 -29.28124999995 32.0
-49.39374999986 -29.27708333328 32.0
-49.39374999986 -29.272916666609998 32.0
-49.39374999986 -29.26874999995 32.0
-49.39374999986 -29.26458333328 31.0
-49.39374999986 -29.26041666661 31.0
-49.39374999986 -29.25624999995 31.0
-49.39374999986 -29.25208333328 31.0
-49.39374999986 -29.24791666661 31.0
-49.39374999986 -29.243749999949998 30.0
-49.39374999986 -29.239583333280002 30.0
-49.39374999986 -29.235416666609996 30.0
-49.39374999986 -29.231249999940005 30.0
-49.39374999986 -29.22708333328 30.0
-49.39374999986 -29.222916666609997 30.0
-49.389583333190004 -29.43541666663 41.0
-49.389583333190004 -29.43124999996 41.0
-49.389583333190004 -29.427083333290003 40.0
-49.389583333190004 -29.42291666663 40.0
-49.389583333190004 -29.41874999996 40.0
-49.389583333190004 -29.414583333290004 39.0
-49.389583333190004 -29.410416666630002 39.0
-49.389583333190004 -29.406249999959996 39.0
-49.389583333190004 -29.402083333290005 39.0
-49.389583333190004 -29.397916666620002 38.0
-49.389583333190004 -29.393749999959997 38.0
-49.389583333190004 -29.389583333290005 38.0
-49.389583333190004 -29.385416666620003 38.0
-49.389583333190004 -29.381249999959998 38.0
-49.389583333190004 -29.377083333290006 37.0
-49.389583333190004 -29.37291666662 37.0
-49.389583333190004 -29.36874999996 37.0
-49.389583333190004 -29.364583333290003 37.0
-49.389583333190004 -29.36041666662 37.0
-49.389583333190004 -29.35624999995 37.0
-49.389583333190004 -29.352083333290004 37.0
-49.389583333190004 -29.34791666662 37.0
-49.389583333190004 -29.34374999995 36.0
-49.389583333190004 -29.339583333290005 36.0
-49.389583333190004 -29.335416666620002 36.0
-49.389583333190004 -29.33124999995 36.0
-49.389583333190004 -29.327083333290005 36.0
-49.389583333190004 -29.322916666620003 35.0
-49.389583333190004 -29.31874999995 35.0
-49.389583333190004 -29.31458333328 35.0
-49.389583333190004 -29.31041666662 34.0
-49.389583333190004 -29.306249999949998 34.0
-49.389583333190004 -29.302083333280002 34.0
-49.389583333190004 -29.29791666662 34.0
-49.389583333190004 -29.29374999995 33.0
-49.389583333190004 -29.28958333328 33.0
-49.389583333190004 -29.28541666662 33.0
-49.389583333190004 -29.28124999995 33.0
-49.389583333190004 -29.27708333328 32.0
-49.389583333190004 -29.272916666609998 32.0
-49.389583333190004 -29.26874999995 32.0
-49.389583333190004 -29.26458333328 32.0
-49.389583333190004 -29.26041666661 32.0
-49.389583333190004 -29.25624999995 31.0
-49.389583333190004 -29.25208333328 31.0
-49.389583333190004 -29.24791666661 31.0
-49.389583333190004 -29.243749999949998 31.0
-49.389583333190004 -29.239583333280002 31.0
-49.389583333190004 -29.235416666609996 31.0
-49.389583333190004 -29.231249999940005 30.0
-49.389583333190004 -29.22708333328 30.0
-49.389583333190004 -29.222916666609997 30.0
-49.389583333190004 -29.218749999940005 30.0
-49.389583333190004 -29.21458333328 30.0
-49.389583333190004 -29.210416666609998 30.0
-49.38541666652 -29.43541666663 42.0
-49.38541666652 -29.43124999996 41.0
-49.38541666652 -29.427083333290003 41.0
-49.38541666652 -29.42291666663 40.0
-49.38541666652 -29.41874999996 40.0
-49.38541666652 -29.414583333290004 40.0
-49.38541666652 -29.410416666630002 39.0
-49.38541666652 -29.406249999959996 39.0
-49.38541666652 -29.402083333290005 39.0
-49.38541666652 -29.397916666620002 39.0
-49.38541666652 -29.393749999959997 39.0
-49.38541666652 -29.389583333290005 38.0
-49.38541666652 -29.385416666620003 38.0
-49.38541666652 -29.381249999959998 38.0
-49.38541666652 -29.377083333290006 38.0
-49.38541666652 -29.37291666662 38.0
-49.38541666652 -29.36874999996 38.0
-49.38541666652 -29.364583333290003 37.0
-49.38541666652 -29.36041666662 37.0
-49.38541666652 -29.35624999995 37.0
-49.38541666652 -29.352083333290004 37.0
-49.38541666652 -29.34791666662 37.0
-49.38541666652 -29.34374999995 37.0
-49.38541666652 -29.339583333290005 37.0
-49.38541666652 -29.335416666620002 37.0
-49.38541666652 -29.33124999995 36.0
-49.38541666652 -29.327083333290005 36.0
-49.38541666652 -29.322916666620003 36.0
-49.38541666652 -29.31874999995 36.0
-49.38541666652 -29.31458333328 35.0
-49.38541666652 -29.31041666662 35.0
-49.38541666652 -29.306249999949998 35.0
-49.38541666652 -29.302083333280002 34.0
-49.38541666652 -29.29791666662 34.0
-49.38541666652 -29.29374999995 34.0
-49.38541666652 -29.28958333328 34.0
-49.38541666652 -29.28541666662 33.0
-49.38541666652 -29.28124999995 33.0
-49.38541666652 -29.27708333328 33.0
-49.38541666652 -29.272916666609998 33.0
-49.38541666652 -29.26874999995 33.0
-49.38541666652 -29.26458333328 32.0
-49.38541666652 -29.26041666661 32.0
-49.38541666652 -29.25624999995 32.0
-49.38541666652 -29.25208333328 32.0
-49.38541666652 -29.24791666661 32.0
-49.38541666652 -29.243749999949998 31.0
-49.38541666652 -29.239583333280002 31.0
-49.38541666652 -29.235416666609996 31.0
-49.38541666652 -29.231249999940005 31.0
-49.38541666652 -29.22708333328 31.0
-49.38541666652 -29.222916666609997 30.0
-49.38541666652 -29.218749999940005 30.0
-49.38541666652 -29.21458333328 30.0
-49.38541666652 -29.210416666609998 30.0
-49.38541666652 -29.206249999940006 30.0
-49.38541666652 -29.20208333328 30.0
-49.38124999986 -29.43541666663 42.0
-49.38124999986 -29.43124999996 41.0
-49.38124999986 -29.427083333290003 41.0
-49.38124999986 -29.42291666663 41.0
-49.38124999986 -29.41874999996 40.0
-49.38124999986 -29.414583333290004 40.0
-49.38124999986 -29.410416666630002 40.0
-49.38124999986 -29.406249999959996 39.0
-49.38124999986 -29.402083333290005 39.0
-49.38124999986 -29.397916666620002 39.0
-49.38124999986 -29.393749999959997 39.0
-49.38124999986 -29.389583333290005 39.0
-49.38124999986 -29.385416666620003 39.0
-49.38124999986 -29.381249999959998 38.0
-49.38124999986 -29.377083333290006 38.0
-49.38124999986 -29.37291666662 38.0
-49.38124999986 -29.36874999996 38.0
-49.38124999986 -29.364583333290003 38.0
-49.38124999986 -29.36041666662 38.0
-49.38124999986 -29.35624999995 38.0
-49.38124999986 -29.352083333290004 38.0
-49.38124999986 -29.34791666662 37.0
-49.38124999986 -29.34374999995 37.0
-49.38124999986 -29.339583333290005 37.0
-49.38124999986 -29.335416666620002 37.0
-49.38124999986 -29.33124999995 37.0
-49.38124999986 -29.327083333290005 37.0
-49.38124999986 -29.322916666620003 36.0
-49.38124999986 -29.31874999995 36.0
-49.38124999986 -29.31458333328 36.0
-49.38124999986 -29.31041666662 35.0
-49.38124999986 -29.306249999949998 35.0
-49.38124999986 -29.302083333280002 35.0
-49.38124999986 -29.29791666662 35.0
-49.38124999986 -29.29374999995 34.0
-49.38124999986 -29.28958333328 34.0
-49.38124999986 -29.28541666662 34.0
-49.38124999986 -29.28124999995 34.0
-49.38124999986 -29.27708333328 33.0
-49.38124999986 -29.272916666609998 33.0
-49.38124999986 -29.26874999995 33.0
-49.38124999986 -29.26458333328 33.0
-49.38124999986 -29.26041666661 33.0
-49.38124999986 -29.25624999995 32.0
-49.38124999986 -29.25208333328 32.0
-49.38124999986 -29.24791666661 32.0
-49.38124999986 -29.243749999949998 32.0
-49.38124999986 -29.239583333280002 32.0
-49.38124999986 -29.235416666609996 31.0
-49.38124999986 -29.231249999940005 31.0
-49.38124999986 -29.22708333328 31.0
-49.38124999986 -29.222916666609997 31.0
-49.38124999986 -29.218749999940005 31.0
-49.38124999986 -29.21458333328 31.0
-49.38124999986 -29.210416666609998 30.0
-49.38124999986 -29.206249999940006 30.0
-49.38124999986 -29.20208333328 30.0
-49.38124999986 -29.19791666661 30.0
-49.38124999986 -29.193749999940003 30.0
-49.38124999986 -29.18958333327 30.0
-49.37708333319 -29.43541666663 42.0
-49.37708333319 -29.43124999996 42.0
-49.37708333319 -29.427083333290003 41.0
-49.37708333319 -29.42291666663 41.0
-49.37708333319 -29.41874999996 41.0
-49.37708333319 -29.414583333290004 40.0
-49.37708333319 -29.410416666630002 40.0
-49.37708333319 -29.406249999959996 40.0
-49.37708333319 -29.402083333290005 40.0
-49.37708333319 -29.397916666620002 40.0
-49.37708333319 -29.393749999959997 39.0
-49.37708333319 -29.389583333290005 39.0
-49.37708333319 -29.385416666620003 39.0
-49.37708333319 -29.381249999959998 39.0
-49.37708333319 -29.377083333290006 39.0
-49.37708333319 -29.37291666662 39.0
-49.37708333319 -29.36874999996 38.0
-49.37708333319 -29.364583333290003 38.0
-49.37708333319 -29.36041666662 38.0
-49.37708333319 -29.35624999995 38.0
-49.37708333319 -29.352083333290004 38.0
-49.37708333319 -29.34791666662 38.0
-49.37708333319 -29.34374999995 38.0
-49.37708333319 -29.339583333290005 38.0
-49.37708333319 -29.335416666620002 37.0
-49.37708333319 -29.33124999995 37.0
-49.37708333319 -29.327083333290005 37.0
-49.37708333319 -29.322916666620003 37.0
-49.37708333319 -29.31874999995 36.0
-49.37708333319 -29.31458333328 36.0
-49.37708333319 -29.31041666662 36.0
-49.37708333319 -29.306249999949998 36.0
-49.37708333319 -29.302083333280002 35.0
-49.37708333319 -29.29791666662 35.0
-49.37708333319 -29.29374999995 35.0
-49.37708333319 -29.28958333328 35.0
-49.37708333319 -29.28541666662 34.0
-49.37708333319 -29.28124999995 34.0
-49.37708333319 -29.27708333328 34.0
-49.37708333319 -29.272916666609998 34.0
-49.37708333319 -29.26874999995 34.0
-49.37708333319 -29.26458333328 33.0
-49.37708333319 -29.26041666661 33.0
-49.37708333319 -29.25624999995 33.0
-49.37708333319 -29.25208333328 33.0
-49.37708333319 -29.24791666661 33.0
-49.37708333319 -29.243749999949998 32.0
-49.37708333319 -29.239583333280002 32.0
-49.37708333319 -29.235416666609996 32.0
-49.37708333319 -29.231249999940005 32.0
-49.37708333319 -29.22708333328 32.0
-49.37708333319 -29.222916666609997 31.0
-49.37708333319 -29.218749999940005 31.0
-49.37708333319 -29.21458333328 31.0
-49.37708333319 -29.210416666609998 31.0
-49.37708333319 -29.206249999940006 31.0
-49.37708333319 -29.20208333328 31.0
-49.37708333319 -29.19791666661 30.0
-49.37708333319 -29.193749999940003 30.0
-49.37708333319 -29.18958333327 30.0
-49.37708333319 -29.18541666661 30.0
-49.37708333319 -29.181249999940004 30.0
-49.37708333319 -29.17708333327 30.0
-49.372916666520005 -29.43541666663 42.0
-49.372916666520005 -29.43124999996 42.0
-49.372916666520005 -29.427083333290003 42.0
-49.372916666520005 -29.42291666663 41.0
-49.372916666520005 -29.41874999996 41.0
-49.372916666520005 -29.414583333290004 41.0
-49.372916666520005 -29.410416666630002 41.0
-49.372916666520005 -29.406249999959996 40.0
-49.372916666520005 -29.402083333290005 40.0
-49.372916666520005 -29.397916666620002 40.0
-49.372916666520005 -29.393749999959997 40.0
-49.372916666520005 -29.389583333290005 40.0
-49.372916666520005 -29.385416666620003 39.0
-49.372916666520005 -29.381249999959998 39.0
-49.372916666520005 -29.377083333290006 39.0
-49.372916666520005 -29.37291666662 39.0
-49.372916666520005 -29.36874999996 39.0
-49.372916666520005 -29.364583333290003 39.0
-49.372916666520005 -29.36041666662 39.0
-49.372916666520005 -29.35624999995 39.0
-49.372916666520005 -29.352083333290004 38.0
-49.372916666520005 -29.34791666662 38.0
-49.372916666520005 -29.34374999995 38.0